0  0  0  1.0
0  0  0  0.9254
0  0  0  1.004
0  0  0  1.0491
0  0  0  0.9859
0  0  0  1.0605
0  0  0  0.9925
0  0  0  1.0666
0  0  0  1.0405
0  0  0  0.9724
0  0  0  1.0224
0  0  0  0.9987
0  0  0  0.9907
0  0  0  0.9691
0  0  0  0.9337
0  0  0  0.9701
0  0  0  1.0115
0  0  0  0.937
0  0  0  0.978
0  0  0  1.0194
0  0  0  1.0009
0  0  0  0.9929
0  0  0  0.9965
0  0  0  0.9391
0  0  0  0.9896
0  0  0  0.9876
0  0  0  1.0228
0  0  0  1.0083
0  0  0  1.0137
0  0  0  0.9824
0  0  0  0.9488
0  0  0  0.9897
0  0  0  1.0614
0  0  0  1.0259
0  0  0  0.9502
0  0  0  1.0719
0  0  0  0.9734
0  0  0  0.9749
0  0  0  0.9885
0  0  0  0.9976
0  0  0  1.0025
0  0  0  1.0308
0  0  0  0.9905
0  0  0  0.9774
0  0  0  0.9683
0  0  0  1.0211
0  0  0  1.0183
0  0  0  0.9951
0  0  0  1.0174
0  0  0  0.9366
0  0  0  1.011
0  0  0  0.9861
0  0  0  0.9612
0  0  0  0.9638
0  0  0  1.0689
0  0  0  0.9981
0  0  0  0.9978
0  0  0  0.9954
0  0  0  0.9694
0  0  0  0.9993
0  0  0  0.973
0  0  0  1.0007
0  0  0  1.0142
0  0  0  1.0076
0  0  0  1.0007
0  0  0  1.0664
0  0  0  0.9989
0  0  0  1.036
0  0  0  1.024
0  0  0  1.054
0  0  0  1.0144
0  0  0  1.0291
0  0  0  1.0772
0  0  0  0.9875
0  0  0  1.0142
0  0  0  1.0095
0  0  0  0.9506
0  0  0  1.0356
0  0  0  1.0382
0  0  0  0.9886
0  0  0  0.9781
0  0  0  0.9903
0  0  0  0.9595
0  0  0  0.9533
0  0  0  0.97
0  0  0  1.0254
0  0  0  0.9752
0  0  0  1.0364
0  0  0  0.9942
0  0  0  0.985
0  0  0  0.9501
0  0  0  0.9235
0  0  0  1.0241
0  0  0  1.0827
0  0  0  0.9323
0  0  0  1.0824
0  0  0  1.0188
0  0  0  0.9983
0  0  0  1.0397
0  0  0  0.9984
0  0  0  1.0369
0  0  0  0.9451
0  0  0  0.9706
0  0  0  0.9868
0  0  0  1.0178
0  0  0  1.0336
0  0  0  1.0998
0  0  0  0.9324
0  0  0  0.9762
0  0  0  1.0281
0  0  0  1.1128
0  0  0  1.0712
0  0  0  1.025
0  0  0  1.0127
0  0  0  1.0004
0  0  0  1.0017
0  0  0  0.9694
0  0  0  0.9637
0  0  0  1.0134
0  0  0  0.9897
0  0  0  0.9961
0  0  0  1.0583
0  0  0  0.9899
0  0  0  1.0234
0  0  0  1.0632
0  0  0  1.0015
0  0  0  1.0527
0  0  0  0.9946
0  0  0  0.9985
0  0  0  1.0053
0  0  0  1.0283
0  0  0  0.9857
0  0  0  0.9484
0  0  0  0.9484
0  0  0  0.9953
0  0  0  0.9954
0  0  0  1.0452
0  0  0  1.0152
0  0  0  1.0004
0  0  0  0.9943
0  0  0  1.0603
0  0  0  1.0126
0  0  0  0.9941
0  0  0  1.0516
0  0  0  1.0172
0  0  0  1.0738
0  0  0  1.0339
0  0  0  1.0719
0  0  0  1.0297
0  0  0  1.0773
0  0  0  0.932
0  0  0  1.0553
0  0  0  1.0227
0  0  0  1.0336
0  0  0  1.0041
0  0  0  1.0443
0  0  0  1.0303
0  0  0  0.9211
0  0  0  0.956
0  0  0  0.9891
0  0  0  0.9264
0  0  0  1.0212
0  0  0  1.026
0  0  0  0.9951
0  0  0  0.9763
0  0  0  0.9755
0  0  0  1.0389
0  0  0  1.0163
0  0  0  0.9682
0  0  0  0.9759
0  0  0  0.9296
0  0  0  1.025
0  0  0  0.9871
0  0  0  0.9796
0  0  0  1.076
0  0  0  0.8755
0  0  0  0.9093
0  0  0  1.0112
0  0  0  0.9229
0  0  0  0.9806
0  0  0  1.0224
0  0  0  1.0101
0  0  0  0.9515
0  0  0  0.9724
0  0  0  1.0266
0  0  0  0.9909
0  0  0  0.9791
0  0  0  1.0331
0  0  0  0.9705
0  0  0  0.9778
0  0  0  0.9819
0  0  0  1.0784
0  0  0  1.0476
0  0  0  0.9974
0  0  0  0.9846
0  0  0  1.0375
0  0  0  0.9866
0  0  0  1.0501
0  0  0  0.9555
0  0  0  1.0181
0  0  0  1.0272
0  0  0  1.0081
0  0  0  0.9915
0  0  0  0.9807
0  0  0  0.9834
0  0  0  0.9936
0  0  0  1.0119
0  0  0  1.02
0  0  0  0.9841
0  0  0  1.02
0  0  0  1.0316
0  0  0  1.0592
0  0  0  1.0155
0  0  0  1.006
0  0  0  1.0151
0  0  0  0.9207
0  0  0  0.9991
0  0  0  1.0031
0  0  0  0.9656
0  0  0  0.9414
0  0  0  0.9807
0  0  0  0.9167
0  0  0  1.0305
0  0  0  0.9279
0  0  0  0.9621
0  0  0  0.9939
0  0  0  0.9378
0  0  0  1.0072
0  0  0  0.8708
0  0  0  0.9335
0  0  0  0.9637
0  0  0  1.0156
0  0  0  0.919
0  0  0  0.9981
0  0  0  1.061
0  0  0  0.9698
0  0  0  0.9412
0  0  0  1.0017
0  0  0  1.0087
0  0  0  0.9783
0  0  0  0.9232
0  0  0  0.9376
0  0  0  0.9487
0  0  0  1.007
0  0  0  0.9424
0  0  0  0.9019
0  0  0  1.0
0  0  0  0.9195
0  0  0  0.9428
0  0  0  0.9242
0  0  0  0.9643
0  0  0  1.0036
0  0  0  0.9356
0  0  0  1.1117
0  0  0  0.9584
0  0  0  0.9531
0  0  0  1.0237
0  0  0  0.9992
0  0  0  1.0358
0  0  0  0.9877
0  0  0  1.005
0  0  0  0.9887
0  0  0  1.0863
0  0  0  0.9942
0  0  0  0.9345
0  0  0  1.0242
0  0  0  0.9996
0  0  0  0.9946
0  0  0  1.0504
0  0  0  1.0337
0  0  0  1.0012
0  0  0  0.9516
0  0  0  0.9813
0  0  0  1.0131
0  0  0  0.9698
0  0  0  0.9723
0  0  0  0.9257
0  0  0  0.9604
0  0  0  0.9379
0  0  0  0.9681
0  0  0  0.8462
0  0  0  0.9681
0  0  0  0.9884
0  0  0  0.9461
0  0  0  1.0706
0  0  0  1.0051
0  0  0  0.8768
0  0  0  0.9696
0  0  0  1.0705
0  0  0  0.9771
0  0  0  1.011
0  0  0  0.9622
0  0  0  0.9681
0  0  0  0.9442
0  0  0  0.9874
0  0  0  1.0082
0  0  0  0.9935
0  0  0  1.0009
0  0  0  0.999
0  0  0  0.9891
0  0  0  1.0074
0  0  0  0.9551
0  0  0  0.9771
0  0  0  0.9662
0  0  0  0.9813
0  0  0  0.9466
0  0  0  0.9479
0  0  0  0.9287
0  0  0  1.0862
0  0  0  0.9959
0  0  0  0.9523
0  0  0  1.0445
0  0  0  1.0396
0  0  0  1.0288
0  0  0  0.9219
0  0  0  1.0342
0  0  0  0.9572
0  0  0  0.9982
0  0  0  1.0187
0  0  0  0.8794
0  0  0  0.9731
0  0  0  1.0124
0  0  0  0.9687
0  0  0  0.9679
0  0  0  0.8873
0  0  0  1.0117
0  0  0  0.9945
0  0  0  1.0372
0  0  0  1.0003
0  0  0  0.9958
0  0  0  0.9622
0  0  0  0.9733
0  0  0  0.9158
0  0  0  0.9927
0  0  0  1.0076
0  0  0  1.0667
0  0  0  0.9454
0  0  0  0.9731
0  0  0  1.0465
0  0  0  0.968
0  0  0  1.0106
0  0  0  0.8911
0  0  0  0.9558
0  0  0  0.9014
0  0  0  0.9306
0  0  0  0.9409
0  0  0  1.0672
0  0  0  1.0253
0  0  0  1.0353
0  0  0  0.9395
0  0  0  1.021
0  0  0  1.0084
0  0  0  0.9938
0  0  0  1.0261
0  0  0  0.9765
0  0  0  1.0233
0  0  0  0.9294
0  0  0  0.9427
0  0  0  0.9928
0  0  0  1.0725
0  0  0  0.9803
0  0  0  1.0545
0  0  0  0.9963
0  0  0  1.0122
0  0  0  1.0127
0  0  0  1.0755
0  0  0  0.9144
0  0  0  0.9423
0  0  0  0.9949
0  0  0  1.0033
0  0  0  0.9421
0  0  0  0.9962
0  0  0  0.9062
0  0  0  0.986
0  0  0  0.9058
0  0  0  0.9451
0  0  0  0.9817
0  0  0  0.9337
0  0  0  0.9714
0  0  0  0.9415
0  0  0  0.9887
0  0  0  1.0108
0  0  0  0.9373
0  0  0  1.0293
0  0  0  0.9917
0  0  0  1.006
0  0  0  0.9921
0  0  0  0.9644
0  0  0  1.0345
0  0  0  0.9824
0  0  0  0.9982
0  0  0  0.9731
0  0  0  0.9818
0  0  0  0.9796
0  0  0  0.986
0  0  0  1.0207
0  0  0  1.0631
0  0  0  1.0158
0  0  0  1.0104
0  0  0  0.9564
0  0  0  1.0078
0  0  0  0.9311
0  0  0  0.9754
0  0  0  1.058
0  0  0  0.9686
0  0  0  1.1031
0  0  0  1.0585
0  0  0  1.0342
0  0  0  1.0622
0  0  0  1.0601
0  0  0  1.0054
0  0  0  1.0269
0  0  0  1.0227
0  0  0  0.951
0  0  0  1.0076
0  0  0  0.9597
0  0  0  0.9477
0  0  0  1.0321
0  0  0  0.9646
0  0  0  0.9136
0  0  0  0.9981
0  0  0  0.9107
0  0  0  0.9827
0  0  0  0.951
0  0  0  0.995
0  0  0  1.0188
0  0  0  1.0011
0  0  0  0.8626
0  0  0  0.9094
0  0  0  0.9824
0  0  0  1.0007
0  0  0  0.9333
0  0  0  0.9649
0  0  0  0.9782
0  0  0  0.9698
0  0  0  1.0153
0  0  0  1.0141
0  0  0  1.0089
0  0  0  0.9936
0  0  0  0.9979
0  0  0  0.9834
0  0  0  0.9708
0  0  0  0.9482
0  0  0  0.9801
0  0  0  0.9865
0  0  0  1.0229
0  0  0  0.9111
0  0  0  0.9212
0  0  0  0.9482
0  0  0  1.0433
0  0  0  1.0261
0  0  0  1.0161
0  0  0  0.9423
0  0  0  0.9818
0  0  0  0.9813
0  0  0  0.9925
0  0  0  0.9693
0  0  0  0.9983
0  0  0  1.0135
0  0  0  1.0605
0  0  0  1.0082
0  0  0  1.0558
0  0  0  1.0237
0  0  0  1.0507
0  0  0  0.9865
0  0  0  1.0609
0  0  0  1.1066
0  0  0  1.0665
0  0  0  0.9946
0  0  0  1.0093
0  0  0  1.0214
0  0  0  0.9766
0  0  0  0.9968
0  0  0  1.0384
0  0  0  1.023
0  0  0  1.0144
0  0  0  0.9926
0  0  0  0.9944
0  0  0  1.0017
0  0  0  0.9527
0  0  0  1.105
0  0  0  1.0371
0  0  0  1.0193
0  0  0  0.9865
0  0  0  0.996
0  0  0  0.9387
0  0  0  0.9759
0  0  0  1.0338
0  0  0  0.9827
0  0  0  0.9948
0  0  0  0.9532
0  0  0  0.9974
0  0  0  0.9524
0  0  0  0.9792
0  0  0  0.9665
0  0  0  0.9852
0  0  0  1.0208
0  0  0  0.9701
0  0  0  1.0131
0  0  0  1.0335
