0.0  0  0  0  1.0
0.1  0  0  0  0.9254
0.2  0  0  0  1.004
0.30000000000000004  0  0  0  1.0491
0.4  0  0  0  0.9859
0.5  0  0  0  1.0605
0.6000000000000001  0  0  0  0.9925
0.7000000000000001  0  0  0  1.0666
0.8  0  0  0  1.0405
0.9  0  0  0  0.9724
1.0  0  0  0  1.0224
1.1  0  0  0  0.9987
1.2000000000000002  0  0  0  0.9907
1.3  0  0  0  0.9691
1.4000000000000001  0  0  0  0.9337
1.5  0  0  0  0.9701
1.6  0  0  0  1.0115
1.7000000000000002  0  0  0  0.937
1.8  0  0  0  0.978
1.9000000000000001  0  0  0  1.0194
2.0  0  0  0  1.0009
2.1  0  0  0  0.9929
2.2  0  0  0  0.9965
2.3000000000000003  0  0  0  0.9391
2.4000000000000004  0  0  0  0.9896
2.5  0  0  0  0.9876
2.6  0  0  0  1.0228
2.7  0  0  0  1.0083
2.8000000000000003  0  0  0  1.0137
2.9000000000000004  0  0  0  0.9824
3.0  0  0  0  0.9488
3.1  0  0  0  0.9897
3.2  0  0  0  1.0614
3.3000000000000003  0  0  0  1.0259
3.4000000000000004  0  0  0  0.9502
3.5  0  0  0  1.0719
3.6  0  0  0  0.9734
3.7  0  0  0  0.9749
3.8000000000000003  0  0  0  0.9885
3.9000000000000004  0  0  0  0.9976
4.0  0  0  0  1.0025
4.1000000000000005  0  0  0  1.0308
4.2  0  0  0  0.9905
4.3  0  0  0  0.9774
4.4  0  0  0  0.9683
4.5  0  0  0  1.0211
4.6000000000000005  0  0  0  1.0183
4.7  0  0  0  0.9951
4.800000000000001  0  0  0  1.0174
4.9  0  0  0  0.9366
5.0  0  0  0  1.011
5.1000000000000005  0  0  0  0.9861
5.2  0  0  0  0.9612
5.300000000000001  0  0  0  0.9638
5.4  0  0  0  1.0689
5.5  0  0  0  0.9981
5.6000000000000005  0  0  0  0.9978
5.7  0  0  0  0.9954
5.800000000000001  0  0  0  0.9694
5.9  0  0  0  0.9993
6.0  0  0  0  0.973
6.1000000000000005  0  0  0  1.0007
6.2  0  0  0  1.0142
6.300000000000001  0  0  0  1.0076
6.4  0  0  0  1.0007
6.5  0  0  0  1.0664
6.6000000000000005  0  0  0  0.9989
6.7  0  0  0  1.036
6.800000000000001  0  0  0  1.024
6.9  0  0  0  1.054
7.0  0  0  0  1.0144
7.1000000000000005  0  0  0  1.0291
7.2  0  0  0  1.0772
7.300000000000001  0  0  0  0.9875
7.4  0  0  0  1.0142
7.5  0  0  0  1.0095
7.6000000000000005  0  0  0  0.9506
7.7  0  0  0  1.0356
7.800000000000001  0  0  0  1.0382
7.9  0  0  0  0.9886
8.0  0  0  0  0.9781
8.1  0  0  0  0.9903
8.200000000000001  0  0  0  0.9595
8.3  0  0  0  0.9533
8.4  0  0  0  0.97
8.5  0  0  0  1.0254
8.6  0  0  0  0.9752
8.700000000000001  0  0  0  1.0364
8.8  0  0  0  0.9942
8.9  0  0  0  0.985
9.0  0  0  0  0.9501
9.1  0  0  0  0.9235
9.200000000000001  0  0  0  1.0241
9.3  0  0  0  1.0827
9.4  0  0  0  0.9323
9.5  0  0  0  1.0824
9.600000000000001  0  0  0  1.0188
9.700000000000001  0  0  0  0.9983
9.8  0  0  0  1.0397
9.9  0  0  0  0.9984
0  0  0  1.0
0  0  0  0.9254
0  0  0  1.004
0  0  0  1.0491
0  0  0  0.9859
0  0  0  1.0605
0  0  0  0.9925
0  0  0  1.0666
0  0  0  1.0405
0  0  0  0.9724
0  0  0  1.0224
0  0  0  0.9987
0  0  0  0.9907
0  0  0  0.9691
0  0  0  0.9337
0  0  0  0.9701
0  0  0  1.0115
0  0  0  0.937
0  0  0  0.978
0  0  0  1.0194
0  0  0  1.0009
0  0  0  0.9929
0  0  0  0.9965
0  0  0  0.9391
0  0  0  0.9896
0  0  0  0.9876
0  0  0  1.0228
0  0  0  1.0083
0  0  0  1.0137
0  0  0  0.9824
0  0  0  0.9488
0  0  0  0.9897
0  0  0  1.0614
0  0  0  1.0259
0  0  0  0.9502
0  0  0  1.0719
0  0  0  0.9734
0  0  0  0.9749
0  0  0  0.9885
0  0  0  0.9976
0  0  0  1.0025
0  0  0  1.0308
0  0  0  0.9905
0  0  0  0.9774
0  0  0  0.9683
0  0  0  1.0211
0  0  0  1.0183
0  0  0  0.9951
0  0  0  1.0174
0  0  0  0.9366
0  0  0  1.011
0  0  0  0.9861
0  0  0  0.9612
0  0  0  0.9638
0  0  0  1.0689
0  0  0  0.9981
0  0  0  0.9978
0  0  0  0.9954
0  0  0  0.9694
0  0  0  0.9993
0  0  0  0.973
0  0  0  1.0007
0  0  0  1.0142
0  0  0  1.0076
0  0  0  1.0007
0  0  0  1.0664
0  0  0  0.9989
0  0  0  1.036
0  0  0  1.024
0  0  0  1.054
0  0  0  1.0144
0  0  0  1.0291
0  0  0  1.0772
0  0  0  0.9875
0  0  0  1.0142
0  0  0  1.0095
0  0  0  0.9506
0  0  0  1.0356
0  0  0  1.0382
0  0  0  0.9886
0  0  0  0.9781
0  0  0  0.9903
0  0  0  0.9595
0  0  0  0.9533
0  0  0  0.97
0  0  0  1.0254
0  0  0  0.9752
0  0  0  1.0364
0  0  0  0.9942
0  0  0  0.985
0  0  0  0.9501
0  0  0  0.9235
0  0  0  1.0241
0  0  0  1.0827
0  0  0  0.9323
0  0  0  1.0824
0  0  0  1.0188
0  0  0  0.9983
0  0  0  1.0397
0  0  0  0.9984
0  0  0  1.0369
0  0  0  0.9451
0  0  0  0.9706
0  0  0  0.9868
0  0  0  1.0178
0  0  0  1.0336
0  0  0  1.0998
0  0  0  0.9324
0  0  0  0.9762
0  0  0  1.0281
0  0  0  1.1128
0  0  0  1.0712
0  0  0  1.025
0  0  0  1.0127
0  0  0  1.0004
0  0  0  1.0017
0  0  0  0.9694
0  0  0  0.9637
0  0  0  1.0134
0  0  0  0.9897
0  0  0  0.9961
0  0  0  1.0583
0  0  0  0.9899
0  0  0  1.0234
0  0  0  1.0632
0  0  0  1.0015
0  0  0  1.0527
0  0  0  0.9946
0  0  0  0.9985
0  0  0  1.0053
0  0  0  1.0283
0  0  0  0.9857
0  0  0  0.9484
0  0  0  0.9484
0  0  0  0.9953
0  0  0  0.9954
0  0  0  1.0452
0  0  0  1.0152
0  0  0  1.0004
0  0  0  0.9943
0  0  0  1.0603
0  0  0  1.0126
0  0  0  0.9941
0  0  0  1.0516
0  0  0  1.0172
0  0  0  1.0738
0  0  0  1.0339
0  0  0  1.0719
0  0  0  1.0297
0  0  0  1.0773
0  0  0  0.932
0  0  0  1.0553
0  0  0  1.0227
0  0  0  1.0336
0  0  0  1.0041
0  0  0  1.0443
0  0  0  1.0303
0  0  0  0.9211
0  0  0  0.956
0  0  0  0.9891
0  0  0  0.9264
0  0  0  1.0212
0  0  0  1.026
0  0  0  0.9951
0  0  0  0.9763
0  0  0  0.9755
0  0  0  1.0389
0  0  0  1.0163
0  0  0  0.9682
0  0  0  0.9759
0  0  0  0.9296
0  0  0  1.025
0  0  0  0.9871
0  0  0  0.9796
0  0  0  1.076
0  0  0  0.8755
0  0  0  0.9093
0  0  0  1.0112
0  0  0  0.9229
0  0  0  0.9806
0  0  0  1.0224
0  0  0  1.0101
0  0  0  0.9515
0  0  0  0.9724
0  0  0  1.0266
0  0  0  0.9909
0  0  0  0.9791
0  0  0  1.0331
0  0  0  0.9705
0  0  0  0.9778
0  0  0  0.9819
0  0  0  1.0784
0  0  0  1.0476
0  0  0  0.9974
0  0  0  0.9846
0  0  0  1.0375
0  0  0  0.9866
0  0  0  1.0501
0  0  0  0.9555
0  0  0  1.0181
0  0  0  1.0272
0  0  0  1.0081
0  0  0  0.9915
0  0  0  0.9807
0  0  0  0.9834
0  0  0  0.9936
0  0  0  1.0119
0  0  0  1.02
0  0  0  0.9841
0  0  0  1.02
0  0  0  1.0316
0  0  0  1.0592
0  0  0  1.0155
0  0  0  1.006
0  0  0  1.0151
0  0  0  0.9207
0  0  0  0.9991
0  0  0  1.0031
0  0  0  0.9656
0  0  0  0.9414
0  0  0  0.9807
0  0  0  0.9167
0  0  0  1.0305
0  0  0  0.9279
0  0  0  0.9621
0  0  0  0.9939
0  0  0  0.9378
0  0  0  1.0072
0  0  0  0.8708
0  0  0  0.9335
0  0  0  0.9637
0  0  0  1.0156
0  0  0  0.919
0  0  0  0.9981
0  0  0  1.061
0  0  0  0.9698
0  0  0  0.9412
0  0  0  1.0017
0  0  0  1.0087
0  0  0  0.9783
0  0  0  0.9232
0  0  0  0.9376
0  0  0  0.9487
0  0  0  1.007
0  0  0  0.9424
0  0  0  0.9019
0  0  0  1.0
0  0  0  0.9195
0  0  0  0.9428
0  0  0  0.9242
0  0  0  0.9643
0  0  0  1.0036
0  0  0  0.9356
0  0  0  1.1117
0  0  0  0.9584
0  0  0  0.9531
0  0  0  1.0237
0  0  0  0.9992
0  0  0  1.0358
0  0  0  0.9877
0  0  0  1.005
0  0  0  0.9887
0  0  0  1.0863
0  0  0  0.9942
0  0  0  0.9345
0  0  0  1.0242
0  0  0  0.9996
0  0  0  0.9946
0  0  0  1.0504
0  0  0  1.0337
0  0  0  1.0012
0  0  0  0.9516
0  0  0  0.9813
0  0  0  1.0131
0  0  0  0.9698
0  0  0  0.9723
0  0  0  0.9257
0  0  0  0.9604
0  0  0  0.9379
0  0  0  0.9681
0  0  0  0.8462
0  0  0  0.9681
0  0  0  0.9884
0  0  0  0.9461
0  0  0  1.0706
0  0  0  1.0051
0  0  0  0.8768
0  0  0  0.9696
0  0  0  1.0705
0  0  0  0.9771
0  0  0  1.011
0  0  0  0.9622
0  0  0  0.9681
0  0  0  0.9442
0  0  0  0.9874
0  0  0  1.0082
0  0  0  0.9935
0  0  0  1.0009
0  0  0  0.999
0  0  0  0.9891
0  0  0  1.0074
0  0  0  0.9551
0  0  0  0.9771
0  0  0  0.9662
0  0  0  0.9813
0  0  0  0.9466
0  0  0  0.9479
0  0  0  0.9287
0  0  0  1.0862
0  0  0  0.9959
0  0  0  0.9523
0  0  0  1.0445
0  0  0  1.0396
0  0  0  1.0288
0  0  0  0.9219
0  0  0  1.0342
0  0  0  0.9572
0  0  0  0.9982
0  0  0  1.0187
0  0  0  0.8794
0  0  0  0.9731
0  0  0  1.0124
0  0  0  0.9687
0  0  0  0.9679
0  0  0  0.8873
0  0  0  1.0117
0  0  0  0.9945
0  0  0  1.0372
0  0  0  1.0003
0  0  0  0.9958
0  0  0  0.9622
0  0  0  0.9733
0  0  0  0.9158
0  0  0  0.9927
0  0  0  1.0076
0  0  0  1.0667
0  0  0  0.9454
0  0  0  0.9731
0  0  0  1.0465
0  0  0  0.968
0  0  0  1.0106
0  0  0  0.8911
0  0  0  0.9558
0  0  0  0.9014
0  0  0  0.9306
0  0  0  0.9409
0  0  0  1.0672
0  0  0  1.0253
0  0  0  1.0353
0  0  0  0.9395
0  0  0  1.021
0  0  0  1.0084
0  0  0  0.9938
0  0  0  1.0261
0  0  0  0.9765
0  0  0  1.0233
0  0  0  0.9294
0  0  0  0.9427
0  0  0  0.9928
0  0  0  1.0725
0  0  0  0.9803
0  0  0  1.0545
0  0  0  0.9963
0  0  0  1.0122
0  0  0  1.0127
0  0  0  1.0755
0  0  0  0.9144
0  0  0  0.9423
0  0  0  0.9949
0  0  0  1.0033
0  0  0  0.9421
0  0  0  0.9962
0  0  0  0.9062
0  0  0  0.986
0  0  0  0.9058
0  0  0  0.9451
0  0  0  0.9817
0  0  0  0.9337
0  0  0  0.9714
0  0  0  0.9415
0  0  0  0.9887
0  0  0  1.0108
0  0  0  0.9373
0  0  0  1.0293
0  0  0  0.9917
0  0  0  1.006
0  0  0  0.9921
0  0  0  0.9644
0  0  0  1.0345
0  0  0  0.9824
0  0  0  0.9982
0  0  0  0.9731
0  0  0  0.9818
0  0  0  0.9796
0  0  0  0.986
0  0  0  1.0207
0  0  0  1.0631
0  0  0  1.0158
0  0  0  1.0104
0  0  0  0.9564
0  0  0  1.0078
0  0  0  0.9311
0  0  0  0.9754
0  0  0  1.058
0  0  0  0.9686
0  0  0  1.1031
0  0  0  1.0585
0  0  0  1.0342
0  0  0  1.0622
0  0  0  1.0601
0  0  0  1.0054
0  0  0  1.0269
0  0  0  1.0227
0  0  0  0.951
0  0  0  1.0076
0  0  0  0.9597
0  0  0  0.9477
0  0  0  1.0321
0  0  0  0.9646
0  0  0  0.9136
0  0  0  0.9981
0  0  0  0.9107
0  0  0  0.9827
0  0  0  0.951
0  0  0  0.995
0  0  0  1.0188
0  0  0  1.0011
0  0  0  0.8626
0  0  0  0.9094
0  0  0  0.9824
0  0  0  1.0007
0  0  0  0.9333
0  0  0  0.9649
0  0  0  0.9782
0  0  0  0.9698
0  0  0  1.0153
0  0  0  1.0141
0  0  0  1.0089
0  0  0  0.9936
0  0  0  0.9979
0  0  0  0.9834
0  0  0  0.9708
0  0  0  0.9482
0  0  0  0.9801
0  0  0  0.9865
0  0  0  1.0229
0  0  0  0.9111
0  0  0  0.9212
0  0  0  0.9482
0  0  0  1.0433
0  0  0  1.0261
0  0  0  1.0161
0  0  0  0.9423
0  0  0  0.9818
0  0  0  0.9813
0  0  0  0.9925
0  0  0  0.9693
0  0  0  0.9983
0  0  0  1.0135
0  0  0  1.0605
0  0  0  1.0082
0  0  0  1.0558
0  0  0  1.0237
0  0  0  1.0507
0  0  0  0.9865
0  0  0  1.0609
0  0  0  1.1066
0  0  0  1.0665
0  0  0  0.9946
0  0  0  1.0093
0  0  0  1.0214
0  0  0  0.9766
0  0  0  0.9968
0  0  0  1.0384
0  0  0  1.023
0  0  0  1.0144
0  0  0  0.9926
0  0  0  0.9944
0  0  0  1.0017
0  0  0  0.9527
0  0  0  1.105
0  0  0  1.0371
0  0  0  1.0193
0  0  0  0.9865
0  0  0  0.996
0  0  0  0.9387
0  0  0  0.9759
0  0  0  1.0338
0  0  0  0.9827
0  0  0  0.9948
0  0  0  0.9532
0  0  0  0.9974
0  0  0  0.9524
0  0  0  0.9792
0  0  0  0.9665
0  0  0  0.9852
0  0  0  1.0208
0  0  0  0.9701
0  0  0  1.0131
0  0  0  1.0335
0  0  0  0.9704
0  0  0  1.0827
0  0  0  0.9045
0  0  0  0.8615
0  0  0  0.9673
0  0  0  0.9899
0  0  0  0.9635
0  0  0  0.9911
0  0  0  0.9618
0  0  0  0.9507
0  0  0  0.9645
0  0  0  0.9497
0  0  0  0.9047
0  0  0  1.0521
0  0  0  1.0076
0  0  0  0.9919
0  0  0  0.9627
0  0  0  0.9773
0  0  0  0.9984
0  0  0  1.0157
0  0  0  0.9447
0  0  0  0.9568
0  0  0  1.0089
0  0  0  0.9662
0  0  0  1.0492
0  0  0  0.9776
0  0  0  1.1297
0  0  0  1.0582
0  0  0  1.0239
0  0  0  1.0004
0  0  0  0.9542
0  0  0  0.9878
0  0  0  1.0415
0  0  0  1.0343
0  0  0  1.0199
0  0  0  0.9969
0  0  0  1.0157
0  0  0  1.0862
0  0  0  1.0366
0  0  0  1.004
0  0  0  1.0026
0  0  0  1.011
0  0  0  0.9924
0  0  0  0.9488
0  0  0  0.9735
0  0  0  1.0048
0  0  0  1.1049
0  0  0  1.0419
0  0  0  1.021
0  0  0  1.0461
0  0  0  1.0018
0  0  0  1.0079
0  0  0  0.9952
0  0  0  0.9808
0  0  0  0.9885
0  0  0  0.9636
0  0  0  1.0315
0  0  0  0.9889
0  0  0  0.9997
0  0  0  1.0107
0  0  0  0.9445
0  0  0  0.9758
0  0  0  0.9278
0  0  0  1.0352
0  0  0  0.9484
0  0  0  1.0019
0  0  0  1.0001
0  0  0  0.9577
0  0  0  1.0293
0  0  0  0.9971
0  0  0  0.9916
0  0  0  1.0058
0  0  0  1.0112
0  0  0  1.02
0  0  0  0.9806
0  0  0  0.9883
0  0  0  0.999
0  0  0  1.0761
0  0  0  1.0571
0  0  0  1.028
0  0  0  1.0374
0  0  0  1.0967
0  0  0  0.9942
0  0  0  1.0345
0  0  0  1.0062
0  0  0  0.9502
0  0  0  0.9902
0  0  0  1.0818
0  0  0  0.981
0  0  0  0.956
0  0  0  0.9707
0  0  0  0.9926
0  0  0  1.0193
0  0  0  0.9903
0  0  0  0.9115
0  0  0  1.0484
0  0  0  1.0291
0  0  0  1.0519
0  0  0  0.9354
0  0  0  0.913
0  0  0  0.9984
0  0  0  1.0539
0  0  0  1.0377
0  0  0  1.0503
0  0  0  1.0299
0  0  0  1.0314
0  0  0  0.9302
0  0  0  1.0264
0  0  0  0.9144
0  0  0  1.0289
0  0  0  0.9456
0  0  0  1.0454
0  0  0  0.9463
0  0  0  1.0332
0  0  0  1.0074
0  0  0  1.0165
0  0  0  1.0389
0  0  0  0.8131
0  0  0  1.1526
0  0  0  0.9102
0  0  0  0.9804
0  0  0  0.9909
0  0  0  0.9749
0  0  0  0.9479
0  0  0  0.9002
0  0  0  1.0371
0  0  0  0.8662
0  0  0  0.9227
0  0  0  0.942
0  0  0  0.8871
0  0  0  1.0032
0  0  0  1.0122
0  0  0  0.9984
0  0  0  0.8493
0  0  0  0.9971
0  0  0  0.9601
0  0  0  0.9261
0  0  0  0.932
0  0  0  0.9076
0  0  0  0.9622
0  0  0  0.9297
0  0  0  0.9444
0  0  0  0.9248
0  0  0  0.9406
0  0  0  0.9765
0  0  0  1.0249
0  0  0  0.9353
0  0  0  1.0033
0  0  0  1.016
0  0  0  1.0651
0  0  0  1.0267
0  0  0  0.9867
0  0  0  1.0266
0  0  0  0.9221
0  0  0  0.936
0  0  0  1.0046
0  0  0  0.986
0  0  0  0.9899
0  0  0  0.9665
0  0  0  1.0586
0  0  0  1.0333
0  0  0  1.0288
0  0  0  1.0146
0  0  0  1.0028
0  0  0  0.9253
0  0  0  0.9412
0  0  0  0.9965
0  0  0  0.9238
0  0  0  0.9148
0  0  0  1.0284
0  0  0  0.9256
0  0  0  0.9329
0  0  0  0.9241
0  0  0  0.9173
0  0  0  1.0135
0  0  0  0.9873
0  0  0  0.9902
0  0  0  0.9918
0  0  0  0.9236
0  0  0  0.9832
0  0  0  0.8854
0  0  0  0.9832
0  0  0  0.9751
0  0  0  0.9823
0  0  0  0.9547
0  0  0  0.9485
0  0  0  1.0456
0  0  0  1.015
0  0  0  0.9743
0  0  0  1.1962
0  0  0  0.9384
0  0  0  1.0952
0  0  0  1.1532
0  0  0  1.4408
0  0  0  1.0669
0  0  0  1.0351
0  0  0  1.0014
0  0  0  1.0945
0  0  0  0.9578
0  0  0  0.9798
0  0  0  0.9287
0  0  0  0.9571
0  0  0  1.0513
0  0  0  1.0605
0  0  0  0.985
0  0  0  1.0603
0  0  0  0.9892
0  0  0  1.0063
0  0  0  1.0019
0  0  0  0.9223
0  0  0  1.0899
0  0  0  1.0124
0  0  0  0.9664
0  0  0  0.9994
0  0  0  0.9575
0  0  0  0.8872
0  0  0  0.96
0  0  0  1.0116
0  0  0  0.9778
0  0  0  0.998
0  0  0  0.9653
0  0  0  0.9897
0  0  0  0.9558
0  0  0  0.9761
0  0  0  0.9907
0  0  0  0.9717
0  0  0  0.9853
0  0  0  0.9842
0  0  0  1.0323
0  0  0  1.0226
0  0  0  0.9669
0  0  0  0.9923
0  0  0  0.9265
0  0  0  1.0165
0  0  0  0.8664
0  0  0  0.9088
0  0  0  0.9616
0  0  0  0.9824
0  0  0  0.9495
0  0  0  1.0891
0  0  0  0.9495
0  0  0  0.9277
0  0  0  0.9702
0  0  0  1.0039
0  0  0  1.027
0  0  0  1.0124
0  0  0  0.9977
0  0  0  1.0006
0  0  0  1.0719
0  0  0  1.1096
0  0  0  0.9639
0  0  0  0.9669
0  0  0  1.0017
0  0  0  0.9529
0  0  0  1.0003
0  0  0  1.0144
0  0  0  0.9593
0  0  0  1.0156
0  0  0  1.0362
0  0  0  0.97
0  0  0  1.0083
0  0  0  0.9185
0  0  0  0.9702
0  0  0  0.9592
0  0  0  0.9511
0  0  0  0.9905
0  0  0  0.974
0  0  0  1.0125
0  0  0  1.0048
0  0  0  1.0057
0  0  0  1.0042
0  0  0  1.0134
0  0  0  1.1042
0  0  0  1.0041
0  0  0  0.9978
0  0  0  1.0238
0  0  0  1.008
0  0  0  0.9443
0  0  0  0.9964
0  0  0  0.9991
0  0  0  0.9928
0  0  0  1.0316
0  0  0  1.0191
0  0  0  1.0139
0  0  0  1.001
0  0  0  0.9466
0  0  0  1.0277
0  0  0  1.005
0  0  0  0.9626
0  0  0  1.0
0  0  0  0.9365
0  0  0  0.9809
0  0  0  1.0112
0  0  0  1.0143
0  0  0  0.9289
0  0  0  0.9549
0  0  0  1.017
0  0  0  0.9524
0  0  0  0.9773
0  0  0  0.9802
0  0  0  0.9464
0  0  0  0.9431
0  0  0  0.9897
0  0  0  1.0281
0  0  0  1.0013
0  0  0  0.9969
0  0  0  0.9733
0  0  0  1.0002
0  0  0  0.974
0  0  0  1.0539
0  0  0  1.0137
0  0  0  0.9348
0  0  0  0.9736
0  0  0  1.0222
0  0  0  0.9995
0  0  0  1.0038
0  0  0  0.9821
0  0  0  0.9
0  0  0  0.9616
0  0  0  1.0841
0  0  0  0.9367
0  0  0  1.1339
0  0  0  0.8644
0  0  0  1.0557
0  0  0  0.9378
0  0  0  0.9447
0  0  0  0.9576
0  0  0  1.0123
0  0  0  0.9964
0  0  0  1.0453
0  0  0  0.9182
0  0  0  0.9471
0  0  0  0.8832
0  0  0  1.0104
0  0  0  1.0214
0  0  0  0.9968
0  0  0  1.0464
0  0  0  0.9922
0  0  0  0.9246
0  0  0  0.9903
0  0  0  0.9962
0  0  0  0.9995
0  0  0  0.9375
0  0  0  1.1175
0  0  0  1.0139
0  0  0  1.0297
0  0  0  0.9407
0  0  0  0.9887
0  0  0  0.9918
0  0  0  1.0371
0  0  0  0.961
0  0  0  1.0415
0  0  0  1.0681
0  0  0  1.0281
0  0  0  1.0234
0  0  0  1.074
0  0  0  0.9932
0  0  0  0.9949
0  0  0  1.0119
0  0  0  1.0219
0  0  0  0.9945
0  0  0  0.9515
0  0  0  1.0234
0  0  0  1.0381
0  0  0  0.9531
0  0  0  1.0074
0  0  0  1.0177
0  0  0  1.0
0  0  0  1.0351
0  0  0  1.0058
0  0  0  1.0018
0  0  0  0.9726
0  0  0  0.9617
0  0  0  0.9027
0  0  0  1.0124
0  0  0  0.9979
0  0  0  0.9323
0  0  0  0.9644
0  0  0  1.0978
0  0  0  1.0282
0  0  0  1.0485
0  0  0  0.9943
0  0  0  1.0477
0  0  0  1.0477
0  0  0  0.9866
0  0  0  0.9727
0  0  0  0.9947
0  0  0  1.071
0  0  0  0.9425
0  0  0  0.9777
0  0  0  0.8913
0  0  0  0.9586
0  0  0  0.9808
0  0  0  0.9632
0  0  0  1.0094
0  0  0  0.9517
0  0  0  0.9775
0  0  0  1.0435
0  0  0  0.9969
0  0  0  0.9224
0  0  0  1.0333
0  0  0  1.0314
0  0  0  1.0016
0  0  0  0.9408
0  0  0  0.9731
0  0  0  0.961
0  0  0  1.0489
0  0  0  0.9805
0  0  0  1.0089
0  0  0  0.9816
0  0  0  1.0151
0  0  0  0.9981
0  0  0  0.9956
0  0  0  1.0374
0  0  0  0.97
0  0  0  1.0719
0  0  0  0.9335
0  0  0  0.9349
0  0  0  1.0042
0  0  0  0.9912
0  0  0  1.0043
0  0  0  0.9769
0  0  0  0.9645
0  0  0  1.1249
0  0  0  0.997
0  0  0  1.0428
0  0  0  1.0109
0  0  0  1.1502
0  0  0  1.1018
2  1  2  0.6469
3  0  0  0.7166
0  0  0  0.9212
0  0  0  0.885
0  0  0  1.1274
0  0  0  0.9509
0  0  0  0.9695
0  0  0  1.0501
0  0  0  0.9937
0  0  0  0.9629
0  0  0  1.0948
0  0  0  0.9516
0  0  0  1.0048
0  0  0  0.9764
0  0  0  1.1009
0  0  0  0.9576
0  0  0  1.046
0  0  0  1.0195
0  0  0  1.0841
0  0  0  1.0333
0  0  0  1.0014
0  0  0  0.9651
0  0  0  0.9939
0  0  0  1.1115
0  0  0  0.9943
0  0  0  0.8987
0  0  0  0.9518
0  0  0  0.9527
0  0  0  1.0004
0  0  0  1.0573
0  0  0  0.9408
0  0  0  0.9315
0  0  0  0.9713
0  0  0  1.0069
0  0  0  1.0114
0  0  0  1.0128
0  0  0  1.0178
0  0  0  0.9874
0  0  0  1.0753
0  0  0  1.0133
0  0  0  0.9518
0  0  0  1.0238
0  0  0  0.9888
0  0  0  0.9359
0  0  0  1.0345
0  0  0  1.0003
0  0  0  0.9938
0  0  0  0.9946
0  0  0  1.0134
0  0  0  0.974
0  0  0  1.0272
0  0  0  0.9946
0  0  0  1.0083
0  0  0  1.0209
0  0  0  1.0103
0  0  0  0.9566
0  0  0  0.9844
0  0  0  1.03
0  0  0  0.9597
0  0  0  1.0287
0  0  0  0.9965
0  0  0  1.0258
0  0  0  0.9558
0  0  0  0.9428
0  0  0  1.0275
0  0  0  0.9475
0  0  0  0.979
0  0  0  1.0023
0  0  0  1.0828
0  0  0  1.0211
0  0  0  0.9902
